,wavenumbers,absorbance
0,452.797478329393,0.02631578947368418
1,452.797478329393,0.03289473684210531
2,455.5949566587865,0.03289473684210531
3,458.3924349881795,0.03289473684210531
4,458.3924349881795,0.03947368421052633
5,461.189913317573,0.03947368421052633
6,463.987391646966,0.03289473684210531
7,463.987391646966,0.03947368421052633
8,466.78486997635946,0.03289473684210531
9,469.5823483057525,0.03289473684210531
10,472.37982663514595,0.03289473684210531
11,475.17730496453896,0.03289473684210531
12,477.97478329393243,0.03289473684210531
13,477.97478329393243,0.02631578947368418
14,480.77226162332545,0.02631578947368418
15,483.56973995271846,0.02631578947368418
16,483.56973995271846,0.03289473684210531
17,486.36721828211193,0.03289473684210531
18,489.16469661150495,0.03289473684210531
19,491.9621749408984,0.03289473684210531
20,494.75965327029144,0.03289473684210531
21,497.5571315996849,0.03289473684210531
22,500.3546099290779,0.03289473684210531
23,503.1520882584714,0.03289473684210531
24,505.9495665878644,0.03289473684210531
25,505.9495665878644,0.03947368421052633
26,508.7470449172579,0.03947368421052633
27,511.5445232466509,0.03947368421052633
28,514.3420015760439,0.03947368421052633
29,517.1394799054374,0.046052631578947345
30,517.1394799054374,0.03947368421052633
31,519.9369582348304,0.046052631578947345
32,522.7344365642239,0.046052631578947345
33,525.5319148936169,0.052631578947368474
34,525.5319148936169,0.046052631578947345
35,528.3293932230104,0.052631578947368474
36,531.1268715524034,0.052631578947368474
37,533.9243498817968,0.052631578947368474
38,536.7218282111899,0.05921052631578949
39,536.7218282111899,0.052631578947368474
40,539.5193065405833,0.05921052631578949
41,542.3167848699763,0.05921052631578949
42,545.1142631993694,0.05921052631578949
43,547.9117415287628,0.05921052631578949
44,547.9117415287628,0.06578947368421051
45,550.7092198581558,0.06578947368421051
46,553.5066981875493,0.06578947368421051
47,556.3041765169423,0.06578947368421051
48,559.1016548463358,0.06578947368421051
49,561.8991331757288,0.06578947368421051
50,564.6966115051223,0.06578947368421051
51,564.6966115051223,0.07236842105263153
52,567.4940898345153,0.07236842105263153
53,570.2915681639088,0.07236842105263153
54,573.0890464933018,0.07236842105263153
55,575.8865248226948,0.06578947368421051
56,575.8865248226948,0.07236842105263153
57,578.6840031520883,0.06578947368421051
58,581.4814814814813,0.06578947368421051
59,584.2789598108748,0.06578947368421051
60,587.0764381402678,0.06578947368421051
61,589.8739164696613,0.06578947368421051
62,589.8739164696613,0.05921052631578949
63,592.6713947990543,0.05921052631578949
64,595.4688731284477,0.05921052631578949
65,598.2663514578408,0.052631578947368474
66,598.2663514578408,0.05921052631578949
67,601.0638297872342,0.052631578947368474
68,603.8613081166272,0.052631578947368474
69,606.6587864460207,0.052631578947368474
70,609.4562647754137,0.052631578947368474
71,609.4562647754137,0.046052631578947345
72,612.2537431048067,0.046052631578947345
73,615.0512214342002,0.046052631578947345
74,617.8486997635932,0.046052631578947345
75,620.6461780929867,0.046052631578947345
76,623.4436564223797,0.046052631578947345
77,626.2411347517732,0.03947368421052633
78,626.2411347517732,0.046052631578947345
79,629.0386130811662,0.03947368421052633
80,631.8360914105597,0.03947368421052633
81,634.6335697399527,0.03947368421052633
82,637.4310480693462,0.03947368421052633
83,640.2285263987392,0.03947368421052633
84,643.0260047281322,0.03947368421052633
85,645.8234830575257,0.03947368421052633
86,648.6209613869187,0.03947368421052633
87,651.4184397163122,0.03289473684210531
88,651.4184397163122,0.03947368421052633
89,654.2159180457052,0.03289473684210531
90,657.0133963750986,0.03289473684210531
91,659.8108747044917,0.03289473684210531
92,662.6083530338851,0.03289473684210531
93,665.4058313632781,0.03289473684210531
94,668.2033096926716,0.03289473684210531
95,671.0007880220646,0.02631578947368418
96,671.0007880220646,0.03289473684210531
97,673.7982663514576,0.03289473684210531
98,673.7982663514576,0.02631578947368418
99,676.5957446808511,0.03289473684210531
100,676.5957446808511,0.02631578947368418
101,679.3932230102441,0.03289473684210531
102,679.3932230102441,0.02631578947368418
103,682.1907013396376,0.03289473684210531
104,684.9881796690306,0.03289473684210531
105,687.7856579984241,0.03289473684210531
106,690.5831363278171,0.03289473684210531
107,690.5831363278171,0.03947368421052633
108,693.3806146572106,0.03947368421052633
109,693.3806146572106,0.046052631578947345
110,696.1780929866036,0.046052631578947345
111,698.9755713159971,0.046052631578947345
112,701.7730496453901,0.046052631578947345
113,701.7730496453901,0.052631578947368474
114,704.5705279747831,0.052631578947368474
115,707.3680063041766,0.046052631578947345
116,707.3680063041766,0.052631578947368474
117,710.1654846335696,0.046052631578947345
118,712.962962962963,0.046052631578947345
119,715.7604412923561,0.046052631578947345
120,715.7604412923561,0.03947368421052633
121,718.5579196217495,0.046052631578947345
122,718.5579196217495,0.03947368421052633
123,721.3553979511425,0.03947368421052633
124,721.3553979511425,0.046052631578947345
125,724.152876280536,0.03947368421052633
126,724.152876280536,0.046052631578947345
127,726.950354609929,0.03947368421052633
128,729.7478329393225,0.03947368421052633
129,732.5453112687155,0.03947368421052633
130,732.5453112687155,0.03289473684210531
131,735.3427895981085,0.03289473684210531
132,738.140267927502,0.03289473684210531
133,740.937746256895,0.03289473684210531
134,740.937746256895,0.02631578947368418
135,743.7352245862885,0.03289473684210531
136,743.7352245862885,0.02631578947368418
137,746.5327029156815,0.02631578947368418
138,749.330181245075,0.02631578947368418
139,752.127659574468,0.02631578947368418
140,754.9251379038615,0.02631578947368418
141,757.7226162332545,0.02631578947368418
142,760.520094562648,0.02631578947368418
143,763.317572892041,0.02631578947368418
144,766.115051221434,0.02631578947368418
145,768.9125295508275,0.02631578947368418
146,771.7100078802205,0.02631578947368418
147,774.507486209614,0.02631578947368418
148,777.304964539007,0.02631578947368418
149,780.1024428684004,0.02631578947368418
150,780.1024428684004,0.019736842105263164
151,782.8999211977934,0.019736842105263164
152,785.6973995271869,0.019736842105263164
153,788.4948778565799,0.019736842105263164
154,791.2923561859734,0.019736842105263164
155,794.0898345153664,0.019736842105263164
156,796.8873128447594,0.019736842105263164
157,799.6847911741529,0.019736842105263164
158,802.4822695035459,0.019736842105263164
159,805.2797478329394,0.019736842105263164
160,805.2797478329394,0.02631578947368418
161,808.0772261623324,0.02631578947368418
162,810.8747044917259,0.02631578947368418
163,810.8747044917259,0.019736842105263164
164,813.6721828211189,0.019736842105263164
165,816.4696611505124,0.019736842105263164
166,819.2671394799054,0.02631578947368418
167,819.2671394799054,0.019736842105263164
168,822.0646178092989,0.02631578947368418
169,822.0646178092989,0.019736842105263164
170,824.8620961386919,0.02631578947368418
171,824.8620961386919,0.019736842105263164
172,827.6595744680849,0.02631578947368418
173,830.4570527974784,0.02631578947368418
174,833.2545311268714,0.02631578947368418
175,836.0520094562648,0.02631578947368418
176,838.8494877856579,0.02631578947368418
177,841.6469661150513,0.03289473684210531
178,841.6469661150513,0.02631578947368418
179,844.4444444444443,0.03289473684210531
180,847.2419227738378,0.03289473684210531
181,850.0394011032308,0.03289473684210531
182,850.0394011032308,0.02631578947368418
183,852.8368794326243,0.02631578947368418
184,852.8368794326243,0.019736842105263164
185,855.6343577620173,0.019736842105263164
186,858.4318360914103,0.019736842105263164
187,861.2293144208038,0.019736842105263164
188,864.0267927501968,0.019736842105263164
189,866.8242710795903,0.019736842105263164
190,869.6217494089833,0.019736842105263164
191,872.4192277383768,0.013157894736842146
192,872.4192277383768,0.019736842105263164
193,875.2167060677698,0.013157894736842146
194,875.2167060677698,0.019736842105263164
195,878.0141843971633,0.019736842105263164
196,880.8116627265563,0.019736842105263164
197,883.6091410559497,0.019736842105263164
198,886.4066193853428,0.019736842105263164
199,889.2040977147362,0.019736842105263164
200,892.0015760441293,0.019736842105263164
201,894.7990543735223,0.019736842105263164
202,897.5965327029157,0.019736842105263164
203,900.3940110323088,0.019736842105263164
204,903.1914893617022,0.019736842105263164
205,905.9889676910952,0.02631578947368418
206,905.9889676910952,0.019736842105263164
207,908.7864460204887,0.02631578947368418
208,911.5839243498817,0.02631578947368418
209,914.3814026792752,0.03289473684210531
210,914.3814026792752,0.02631578947368418
211,917.1788810086682,0.03289473684210531
212,919.9763593380617,0.03289473684210531
213,922.7738376674547,0.03289473684210531
214,925.5713159968477,0.03289473684210531
215,925.5713159968477,0.02631578947368418
216,928.3687943262412,0.02631578947368418
217,931.1662726556342,0.02631578947368418
218,933.9637509850277,0.02631578947368418
219,936.7612293144207,0.019736842105263164
220,936.7612293144207,0.02631578947368418
221,939.5587076438142,0.019736842105263164
222,942.3561859732072,0.019736842105263164
223,945.1536643026006,0.019736842105263164
224,947.9511426319937,0.019736842105263164
225,950.7486209613871,0.019736842105263164
226,953.5460992907801,0.019736842105263164
227,953.5460992907801,0.02631578947368418
228,956.3435776201732,0.02631578947368418
229,959.1410559495666,0.02631578947368418
230,961.9385342789597,0.03289473684210531
231,961.9385342789597,0.02631578947368418
232,964.7360126083531,0.03289473684210531
233,967.5334909377461,0.03289473684210531
234,970.3309692671396,0.03289473684210531
235,973.1284475965326,0.03289473684210531
236,975.9259259259261,0.03289473684210531
237,978.7234042553191,0.03947368421052633
238,978.7234042553191,0.03289473684210531
239,981.5208825847126,0.03947368421052633
240,984.3183609141056,0.03947368421052633
241,987.1158392434986,0.03947368421052633
242,989.9133175728921,0.03947368421052633
243,989.9133175728921,0.03289473684210531
244,992.7107959022851,0.03289473684210531
245,995.5082742316786,0.03289473684210531
246,998.3057525610716,0.03289473684210531
247,998.3057525610716,0.03947368421052633
248,1001.103230890465,0.03947368421052633
249,1003.9007092198581,0.03947368421052633
250,1006.6981875492515,0.03947368421052633
251,1009.4956658786446,0.046052631578947345
252,1009.4956658786446,0.03947368421052633
253,1012.293144208038,0.046052631578947345
254,1015.090622537431,0.046052631578947345
255,1017.8881008668241,0.046052631578947345
256,1020.6855791962175,0.046052631578947345
257,1023.4830575256105,0.046052631578947345
258,1026.280535855004,0.046052631578947345
259,1029.078014184397,0.03947368421052633
260,1029.078014184397,0.046052631578947345
261,1031.8754925137905,0.03947368421052633
262,1034.6729708431835,0.03947368421052633
263,1037.470449172577,0.03947368421052633
264,1040.26792750197,0.03947368421052633
265,1043.0654058313635,0.03947368421052633
266,1045.8628841607565,0.03947368421052633
267,1048.6603624901495,0.03947368421052633
268,1051.457840819543,0.03947368421052633
269,1054.255319148936,0.03947368421052633
270,1057.0527974783295,0.03947368421052633
271,1059.8502758077225,0.03947368421052633
272,1062.647754137116,0.03947368421052633
273,1065.445232466509,0.03947368421052633
274,1068.2427107959024,0.03947368421052633
275,1071.0401891252955,0.03947368421052633
276,1073.837667454689,0.03947368421052633
277,1076.635145784082,0.03947368421052633
278,1079.432624113475,0.03947368421052633
279,1082.2301024428684,0.03947368421052633
280,1085.0275807722614,0.03947368421052633
281,1087.825059101655,0.03947368421052633
282,1090.622537431048,0.03947368421052633
283,1093.4200157604414,0.03947368421052633
284,1096.2174940898344,0.03947368421052633
285,1099.014972419228,0.03947368421052633
286,1101.812450748621,0.046052631578947345
287,1101.812450748621,0.03947368421052633
288,1104.6099290780144,0.046052631578947345
289,1107.4074074074074,0.046052631578947345
290,1107.4074074074074,0.052631578947368474
291,1110.2048857368004,0.05921052631578949
292,1110.2048857368004,0.052631578947368474
293,1113.0023640661939,0.05921052631578949
294,1115.799842395587,0.05921052631578949
295,1118.5973207249804,0.05921052631578949
296,1121.3947990543734,0.05921052631578949
297,1124.1922773837669,0.05921052631578949
298,1126.9897557131599,0.052631578947368474
299,1126.9897557131599,0.05921052631578949
300,1129.7872340425533,0.052631578947368474
301,1129.7872340425533,0.046052631578947345
302,1132.5847123719464,0.046052631578947345
303,1135.3821907013398,0.046052631578947345
304,1138.1796690307328,0.046052631578947345
305,1140.9771473601263,0.03947368421052633
306,1140.9771473601263,0.046052631578947345
307,1143.7746256895193,0.03947368421052633
308,1146.5721040189123,0.03947368421052633
309,1149.3695823483058,0.03947368421052633
310,1152.1670606776988,0.03947368421052633
311,1152.1670606776988,0.03289473684210531
312,1154.9645390070923,0.03289473684210531
313,1157.7620173364853,0.03289473684210531
314,1160.5594956658788,0.03289473684210531
315,1163.3569739952718,0.03289473684210531
316,1166.1544523246653,0.03289473684210531
317,1168.9519306540583,0.03289473684210531
318,1171.7494089834518,0.03289473684210531
319,1174.5468873128448,0.03289473684210531
320,1177.3443656422378,0.03289473684210531
321,1180.1418439716313,0.03289473684210531
322,1182.9393223010243,0.03289473684210531
323,1185.7368006304177,0.02631578947368418
324,1185.7368006304177,0.03289473684210531
325,1188.5342789598108,0.02631578947368418
326,1191.3317572892042,0.02631578947368418
327,1194.1292356185972,0.02631578947368418
328,1196.9267139479907,0.02631578947368418
329,1199.7241922773837,0.02631578947368418
330,1202.5216706067772,0.02631578947368418
331,1205.3191489361702,0.02631578947368418
332,1205.3191489361702,0.03289473684210531
333,1208.1166272655632,0.03289473684210531
334,1210.9141055949567,0.03289473684210531
335,1213.7115839243497,0.03289473684210531
336,1216.5090622537432,0.03289473684210531
337,1219.3065405831362,0.03289473684210531
338,1222.1040189125297,0.03289473684210531
339,1224.9014972419227,0.03947368421052633
340,1224.9014972419227,0.03289473684210531
341,1227.6989755713162,0.03947368421052633
342,1230.4964539007092,0.03947368421052633
343,1233.2939322301027,0.03947368421052633
344,1236.0914105594957,0.046052631578947345
345,1236.0914105594957,0.03947368421052633
346,1238.8888888888887,0.046052631578947345
347,1241.6863672182822,0.046052631578947345
348,1241.6863672182822,0.052631578947368474
349,1244.4838455476752,0.052631578947368474
350,1247.2813238770686,0.052631578947368474
351,1247.2813238770686,0.05921052631578949
352,1250.0788022064617,0.05921052631578949
353,1252.8762805358551,0.05921052631578949
354,1252.8762805358551,0.06578947368421051
355,1255.6737588652481,0.06578947368421051
356,1258.4712371946416,0.06578947368421051
357,1261.2687155240346,0.06578947368421051
358,1264.066193853428,0.05921052631578949
359,1264.066193853428,0.06578947368421051
360,1266.8636721828211,0.05921052631578949
361,1269.6611505122141,0.05921052631578949
362,1272.4586288416076,0.05921052631578949
363,1275.2561071710006,0.052631578947368474
364,1275.2561071710006,0.05921052631578949
365,1278.053585500394,0.05921052631578949
366,1278.053585500394,0.052631578947368474
367,1280.851063829787,0.05921052631578949
368,1283.6485421591806,0.05921052631578949
369,1286.4460204885736,0.05921052631578949
370,1289.243498817967,0.052631578947368474
371,1289.243498817967,0.05921052631578949
372,1292.04097714736,0.052631578947368474
373,1294.8384554767536,0.052631578947368474
374,1297.6359338061466,0.05921052631578949
375,1297.6359338061466,0.052631578947368474
376,1300.4334121355396,0.05921052631578949
377,1303.230890464933,0.05921052631578949
378,1306.028368794326,0.05921052631578949
379,1308.8258471237195,0.06578947368421051
380,1308.8258471237195,0.05921052631578949
381,1311.6233254531126,0.06578947368421051
382,1314.420803782506,0.06578947368421051
383,1314.420803782506,0.07236842105263153
384,1317.218282111899,0.07236842105263153
385,1317.218282111899,0.07894736842105265
386,1320.0157604412925,0.07894736842105265
387,1320.0157604412925,0.08552631578947367
388,1320.0157604412925,0.09210526315789469
389,1322.8132387706855,0.09210526315789469
390,1325.610717100079,0.09210526315789469
391,1328.408195429472,0.09210526315789469
392,1328.408195429472,0.09868421052631582
393,1331.205673758865,0.09868421052631582
394,1334.0031520882585,0.09868421052631582
395,1336.8006304176515,0.09868421052631582
396,1339.598108747045,0.09210526315789469
397,1339.598108747045,0.09868421052631582
398,1342.395587076438,0.09210526315789469
399,1342.395587076438,0.08552631578947367
400,1345.1930654058315,0.07894736842105265
401,1347.9905437352245,0.07236842105263153
402,1347.9905437352245,0.07894736842105265
403,1350.788022064618,0.07236842105263153
404,1353.585500394011,0.07236842105263153
405,1356.3829787234044,0.07236842105263153
406,1356.3829787234044,0.07894736842105265
407,1359.1804570527975,0.07894736842105265
408,1359.1804570527975,0.08552631578947367
409,1361.9779353821905,0.08552631578947367
410,1364.775413711584,0.09210526315789469
411,1364.775413711584,0.08552631578947367
412,1364.775413711584,0.09868421052631582
413,1367.572892040977,0.09868421052631582
414,1367.572892040977,0.10526315789473684
415,1370.3703703703704,0.11184210526315785
416,1370.3703703703704,0.11842105263157898
417,1370.3703703703704,0.10526315789473684
418,1373.1678486997635,0.11184210526315785
419,1373.1678486997635,0.11842105263157898
420,1375.965327029157,0.09868421052631582
421,1375.965327029157,0.11184210526315785
422,1375.965327029157,0.10526315789473684
423,1378.76280535855,0.09868421052631582
424,1378.76280535855,0.09210526315789469
425,1381.5602836879434,0.09210526315789469
426,1384.3577620173364,0.09210526315789469
427,1387.15524034673,0.09210526315789469
428,1387.15524034673,0.09868421052631582
429,1389.952718676123,0.11842105263157898
430,1389.952718676123,0.10526315789473684
431,1389.952718676123,0.11184210526315785
432,1389.952718676123,0.09868421052631582
433,1392.750197005516,0.125
434,1392.750197005516,0.11842105263157898
435,1395.5476753349094,0.15131578947368418
436,1395.5476753349094,0.14473684210526316
437,1395.5476753349094,0.13157894736842102
438,1395.5476753349094,0.125
439,1395.5476753349094,0.13815789473684215
440,1398.3451536643024,0.15131578947368418
441,1398.3451536643024,0.1578947368421053
442,1398.3451536643024,0.16447368421052633
443,1401.1426319936959,0.16447368421052633
444,1401.1426319936959,0.17105263157894735
445,1401.1426319936959,0.17763157894736847
446,1403.940110323089,0.17763157894736847
447,1406.7375886524824,0.17763157894736847
448,1409.5350669818754,0.17105263157894735
449,1409.5350669818754,0.17763157894736847
450,1412.3325453112689,0.16447368421052633
451,1412.3325453112689,0.17105263157894735
452,1415.1300236406619,0.1578947368421053
453,1415.1300236406619,0.15131578947368418
454,1415.1300236406619,0.16447368421052633
455,1415.1300236406619,0.14473684210526316
456,1417.9275019700553,0.13815789473684215
457,1417.9275019700553,0.14473684210526316
458,1420.7249802994484,0.13157894736842102
459,1420.7249802994484,0.125
460,1420.7249802994484,0.13815789473684215
461,1423.5224586288418,0.125
462,1426.3199369582348,0.125
463,1429.1174152876279,0.125
464,1429.1174152876279,0.13157894736842102
465,1431.9148936170213,0.14473684210526316
466,1431.9148936170213,0.13815789473684215
467,1431.9148936170213,0.15131578947368418
468,1431.9148936170213,0.1578947368421053
469,1431.9148936170213,0.13157894736842102
470,1434.7123719464144,0.17105263157894735
471,1434.7123719464144,0.1578947368421053
472,1434.7123719464144,0.16447368421052633
473,1437.5098502758078,0.20394736842105265
474,1437.5098502758078,0.19736842105263153
475,1437.5098502758078,0.17105263157894735
476,1437.5098502758078,0.17763157894736847
477,1437.5098502758078,0.21052631578947367
478,1437.5098502758078,0.1842105263157895
479,1437.5098502758078,0.1907894736842105
480,1440.3073286052008,0.22368421052631582
481,1440.3073286052008,0.2171052631578947
482,1440.3073286052008,0.21052631578947367
483,1443.1048069345943,0.22368421052631582
484,1445.9022852639873,0.2171052631578947
485,1445.9022852639873,0.20394736842105265
486,1445.9022852639873,0.22368421052631582
487,1445.9022852639873,0.21052631578947367
488,1448.6997635933808,0.20394736842105265
489,1448.6997635933808,0.19736842105263153
490,1451.4972419227738,0.19736842105263153
491,1451.4972419227738,0.1842105263157895
492,1451.4972419227738,0.1907894736842105
493,1454.2947202521673,0.17763157894736847
494,1454.2947202521673,0.17105263157894735
495,1454.2947202521673,0.1842105263157895
496,1457.0921985815603,0.15131578947368418
497,1457.0921985815603,0.1578947368421053
498,1457.0921985815603,0.14473684210526316
499,1457.0921985815603,0.16447368421052633
500,1457.0921985815603,0.17105263157894735
501,1459.8896769109533,0.14473684210526316
502,1459.8896769109533,0.13815789473684215
503,1459.8896769109533,0.13157894736842102
504,1462.6871552403468,0.11842105263157898
505,1462.6871552403468,0.10526315789473684
506,1462.6871552403468,0.125
507,1462.6871552403468,0.13157894736842102
508,1462.6871552403468,0.11184210526315785
509,1465.4846335697398,0.09210526315789469
510,1465.4846335697398,0.10526315789473684
511,1465.4846335697398,0.09868421052631582
512,1468.2821118991333,0.09210526315789469
513,1468.2821118991333,0.08552631578947367
514,1468.2821118991333,0.07894736842105265
515,1471.0795902285263,0.07236842105263153
516,1471.0795902285263,0.06578947368421051
517,1471.0795902285263,0.07894736842105265
518,1473.8770685579198,0.05921052631578949
519,1473.8770685579198,0.06578947368421051
520,1476.6745468873128,0.052631578947368474
521,1476.6745468873128,0.05921052631578949
522,1476.6745468873128,0.046052631578947345
523,1479.4720252167062,0.046052631578947345
524,1482.2695035460993,0.046052631578947345
525,1482.2695035460993,0.03947368421052633
526,1485.0669818754927,0.03947368421052633
527,1487.8644602048857,0.03947368421052633
528,1490.6619385342788,0.03947368421052633
529,1493.4594168636722,0.03947368421052633
530,1496.2568951930652,0.03947368421052633
531,1499.0543735224587,0.03947368421052633
532,1501.8518518518517,0.03947368421052633
533,1504.6493301812452,0.03947368421052633
534,1507.4468085106382,0.046052631578947345
535,1507.4468085106382,0.03947368421052633
536,1510.2442868400317,0.046052631578947345
537,1513.0417651694247,0.046052631578947345
538,1515.8392434988182,0.046052631578947345
539,1518.6367218282112,0.046052631578947345
540,1521.4342001576042,0.046052631578947345
541,1524.2316784869977,0.046052631578947345
542,1524.2316784869977,0.052631578947368474
543,1527.0291568163907,0.052631578947368474
544,1529.8266351457842,0.052631578947368474
545,1532.6241134751772,0.052631578947368474
546,1532.6241134751772,0.05921052631578949
547,1535.4215918045707,0.05921052631578949
548,1538.2190701339637,0.05921052631578949
549,1538.2190701339637,0.06578947368421051
550,1541.0165484633571,0.06578947368421051
551,1541.0165484633571,0.07236842105263153
552,1543.8140267927502,0.07894736842105265
553,1543.8140267927502,0.07236842105263153
554,1546.6115051221436,0.07894736842105265
555,1546.6115051221436,0.08552631578947367
556,1549.4089834515366,0.08552631578947367
557,1549.4089834515366,0.09210526315789469
558,1549.4089834515366,0.09868421052631582
559,1552.2064617809297,0.09868421052631582
560,1555.0039401103231,0.11184210526315785
561,1555.0039401103231,0.09868421052631582
562,1555.0039401103231,0.10526315789473684
563,1557.8014184397161,0.11184210526315785
564,1557.8014184397161,0.11842105263157898
565,1557.8014184397161,0.125
566,1557.8014184397161,0.13157894736842102
567,1560.5988967691096,0.13157894736842102
568,1560.5988967691096,0.13815789473684215
569,1560.5988967691096,0.14473684210526316
570,1563.3963750985026,0.1578947368421053
571,1563.3963750985026,0.15131578947368418
572,1563.3963750985026,0.16447368421052633
573,1563.3963750985026,0.14473684210526316
574,1563.3963750985026,0.17105263157894735
575,1563.3963750985026,0.17763157894736847
576,1566.193853427896,0.19736842105263153
577,1566.193853427896,0.1907894736842105
578,1566.193853427896,0.17763157894736847
579,1566.193853427896,0.1842105263157895
580,1568.9913317572891,0.22368421052631582
581,1568.9913317572891,0.23684210526315785
582,1568.9913317572891,0.19736842105263153
583,1568.9913317572891,0.23026315789473684
584,1568.9913317572891,0.20394736842105265
585,1568.9913317572891,0.21052631578947367
586,1568.9913317572891,0.2171052631578947
587,1571.7888100866826,0.25
588,1571.7888100866826,0.256578947368421
589,1571.7888100866826,0.24342105263157898
590,1571.7888100866826,0.23684210526315785
591,1574.5862884160756,0.2828947368421053
592,1574.5862884160756,0.2763157894736842
593,1574.5862884160756,0.256578947368421
594,1574.5862884160756,0.26315789473684215
595,1574.5862884160756,0.2894736842105263
596,1574.5862884160756,0.26973684210526316
597,1577.383766745469,0.2894736842105263
598,1577.383766745469,0.29605263157894735
599,1577.383766745469,0.3026315789473685
600,1580.181245074862,0.3026315789473685
601,1580.181245074862,0.3157894736842105
602,1580.181245074862,0.3223684210526315
603,1580.181245074862,0.3092105263157895
604,1582.978723404255,0.3223684210526315
605,1582.978723404255,0.32894736842105265
606,1585.7762017336486,0.3355263157894737
607,1585.7762017336486,0.32894736842105265
608,1588.5736800630416,0.3355263157894737
609,1591.371158392435,0.3355263157894737
610,1594.168636721828,0.32894736842105265
611,1594.168636721828,0.3355263157894737
612,1596.9661150512215,0.32894736842105265
613,1596.9661150512215,0.3223684210526315
614,1599.7635933806146,0.3092105263157895
615,1599.7635933806146,0.3026315789473685
616,1599.7635933806146,0.3157894736842105
617,1599.7635933806146,0.3223684210526315
618,1602.561071710008,0.29605263157894735
619,1602.561071710008,0.3026315789473685
620,1605.358550039401,0.2828947368421053
621,1605.358550039401,0.29605263157894735
622,1605.358550039401,0.2763157894736842
623,1605.358550039401,0.2894736842105263
624,1608.1560283687945,0.26315789473684215
625,1608.1560283687945,0.2763157894736842
626,1608.1560283687945,0.26973684210526316
627,1610.9535066981875,0.26315789473684215
628,1610.9535066981875,0.256578947368421
629,1610.9535066981875,0.25
630,1613.7509850275806,0.25
631,1613.7509850275806,0.24342105263157898
632,1613.7509850275806,0.23684210526315785
633,1613.7509850275806,0.23026315789473684
634,1613.7509850275806,0.22368421052631582
635,1616.548463356974,0.22368421052631582
636,1616.548463356974,0.2171052631578947
637,1619.345941686367,0.21052631578947367
638,1619.345941686367,0.20394736842105265
639,1619.345941686367,0.2171052631578947
640,1619.345941686367,0.19736842105263153
641,1619.345941686367,0.1907894736842105
642,1622.1434200157605,0.1907894736842105
643,1622.1434200157605,0.1842105263157895
644,1624.9408983451535,0.17105263157894735
645,1624.9408983451535,0.16447368421052633
646,1624.9408983451535,0.17763157894736847
647,1624.9408983451535,0.1842105263157895
648,1627.738376674547,0.1578947368421053
649,1627.738376674547,0.16447368421052633
650,1630.53585500394,0.13815789473684215
651,1630.53585500394,0.14473684210526316
652,1630.53585500394,0.15131578947368418
653,1630.53585500394,0.1578947368421053
654,1633.3333333333335,0.13815789473684215
655,1633.3333333333335,0.13157894736842102
656,1636.1308116627265,0.13157894736842102
657,1636.1308116627265,0.125
658,1636.1308116627265,0.11842105263157898
659,1638.92828999212,0.11184210526315785
660,1638.92828999212,0.11842105263157898
661,1641.725768321513,0.11184210526315785
662,1641.725768321513,0.10526315789473684
663,1644.523246650906,0.09868421052631582
664,1644.523246650906,0.10526315789473684
665,1647.3207249802995,0.09210526315789469
666,1647.3207249802995,0.09868421052631582
667,1650.1182033096925,0.09210526315789469
668,1650.1182033096925,0.08552631578947367
669,1652.915681639086,0.08552631578947367
670,1652.915681639086,0.07894736842105265
671,1655.713159968479,0.07236842105263153
672,1655.713159968479,0.07894736842105265
673,1658.5106382978724,0.07236842105263153
674,1661.3081166272655,0.06578947368421051
675,1661.3081166272655,0.07236842105263153
676,1664.105594956659,0.05921052631578949
677,1664.105594956659,0.06578947368421051
678,1666.903073286052,0.05921052631578949
679,1669.7005516154454,0.05921052631578949
680,1669.7005516154454,0.052631578947368474
681,1672.4980299448384,0.052631578947368474
682,1675.2955082742315,0.052631578947368474
683,1678.092986603625,0.052631578947368474
684,1678.092986603625,0.046052631578947345
685,1680.890464933018,0.046052631578947345
686,1683.6879432624114,0.046052631578947345
687,1686.4854215918044,0.03947368421052633
688,1686.4854215918044,0.046052631578947345
689,1689.282899921198,0.03947368421052633
690,1692.080378250591,0.03289473684210531
691,1692.080378250591,0.03947368421052633
692,1694.8778565799844,0.03289473684210531
693,1697.6753349093774,0.03289473684210531
694,1700.4728132387709,0.03289473684210531
695,1703.2702915681639,0.03289473684210531
696,1706.0677698975574,0.03289473684210531
697,1706.0677698975574,0.02631578947368418
698,1708.8652482269504,0.02631578947368418
699,1711.6627265563434,0.02631578947368418
700,1714.4602048857369,0.02631578947368418
701,1717.2576832151299,0.02631578947368418
702,1720.0551615445233,0.02631578947368418
703,1722.8526398739164,0.02631578947368418
704,1725.6501182033098,0.02631578947368418
705,1728.4475965327028,0.02631578947368418
706,1731.2450748620963,0.02631578947368418
707,1734.0425531914893,0.02631578947368418
708,1736.8400315208828,0.02631578947368418
709,1739.6375098502758,0.02631578947368418
710,1742.4349881796688,0.02631578947368418
711,1745.2324665090623,0.02631578947368418
712,1748.0299448384553,0.02631578947368418
713,1750.8274231678488,0.019736842105263164
714,1750.8274231678488,0.02631578947368418
715,1753.6249014972418,0.019736842105263164
716,1756.4223798266353,0.019736842105263164
717,1759.2198581560283,0.019736842105263164
718,1762.0173364854218,0.019736842105263164
719,1764.8148148148148,0.019736842105263164
720,1767.6122931442083,0.019736842105263164
721,1770.4097714736013,0.019736842105263164
722,1773.2072498029943,0.019736842105263164
723,1776.0047281323878,0.019736842105263164
724,1778.8022064617808,0.019736842105263164
725,1781.5996847911742,0.019736842105263164
726,1784.3971631205673,0.019736842105263164
727,1787.1946414499607,0.019736842105263164
728,1789.9921197793537,0.019736842105263164
729,1792.7895981087472,0.019736842105263164
730,1795.5870764381402,0.019736842105263164
731,1798.3845547675337,0.019736842105263164
732,1801.1820330969267,0.019736842105263164
733,1803.9795114263197,0.019736842105263164
734,1806.7769897557132,0.019736842105263164
735,1809.5744680851062,0.019736842105263164
736,1812.3719464144997,0.019736842105263164
737,1815.1694247438927,0.019736842105263164
738,1817.9669030732862,0.019736842105263164
739,1820.7643814026792,0.019736842105263164
740,1823.5618597320727,0.019736842105263164
741,1826.3593380614657,0.019736842105263164
742,1829.1568163908591,0.019736842105263164
743,1831.9542947202522,0.019736842105263164
744,1834.7517730496452,0.019736842105263164
745,1837.5492513790387,0.019736842105263164
746,1840.3467297084317,0.019736842105263164
747,1843.1442080378251,0.019736842105263164
748,1845.9416863672182,0.019736842105263164
749,1848.7391646966116,0.019736842105263164
750,1851.5366430260046,0.019736842105263164
751,1854.334121355398,0.019736842105263164
752,1857.1315996847911,0.019736842105263164
753,1859.9290780141846,0.019736842105263164
754,1862.7265563435776,0.019736842105263164
755,1865.5240346729706,0.019736842105263164
756,1868.321513002364,0.019736842105263164
757,1871.1189913317571,0.019736842105263164
758,1873.9164696611506,0.019736842105263164
759,1876.7139479905436,0.019736842105263164
760,1879.511426319937,0.019736842105263164
761,1882.30890464933,0.019736842105263164
762,1885.1063829787236,0.019736842105263164
763,1887.9038613081166,0.019736842105263164
764,1890.70133963751,0.019736842105263164
765,1893.498817966903,0.019736842105263164
766,1896.296296296296,0.019736842105263164
767,1899.0937746256895,0.019736842105263164
768,1901.8912529550826,0.019736842105263164
769,1904.688731284476,0.019736842105263164
770,1907.486209613869,0.019736842105263164
771,1910.2836879432625,0.019736842105263164
772,1913.0811662726555,0.019736842105263164
773,1915.878644602049,0.019736842105263164
774,1918.676122931442,0.019736842105263164
775,1921.4736012608355,0.019736842105263164
776,1924.2710795902285,0.019736842105263164
777,1927.0685579196215,0.019736842105263164
778,1929.866036249015,0.019736842105263164
779,1932.663514578408,0.019736842105263164
780,1935.4609929078015,0.019736842105263164
781,1938.2584712371945,0.019736842105263164
782,1941.055949566588,0.019736842105263164
783,1943.853427895981,0.019736842105263164
784,1946.6509062253745,0.019736842105263164
785,1949.4483845547675,0.019736842105263164
786,1952.2458628841607,0.019736842105263164
787,1955.043341213554,0.019736842105263164
788,1957.8408195429472,0.019736842105263164
789,1960.6382978723404,0.019736842105263164
790,1963.4357762017337,0.019736842105263164
791,1966.233254531127,0.019736842105263164
792,1969.0307328605202,0.019736842105263164
793,1971.8282111899134,0.019736842105263164
794,1974.6256895193064,0.019736842105263164
795,1977.4231678486997,0.019736842105263164
796,1980.220646178093,0.019736842105263164
797,1983.0181245074862,0.019736842105263164
798,1985.8156028368794,0.019736842105263164
799,1988.6130811662727,0.019736842105263164
800,1991.410559495666,0.019736842105263164
801,1994.2080378250591,0.019736842105263164
802,1997.0055161544524,0.019736842105263164
803,1999.8029944838456,0.019736842105263164
804,2002.6004728132389,0.019736842105263164
805,2005.3979511426319,0.019736842105263164
806,2008.1954294720251,0.019736842105263164
807,2010.9929078014184,0.019736842105263164
808,2010.9929078014184,0.02631578947368418
809,2013.7903861308116,0.02631578947368418
810,2016.5878644602049,0.02631578947368418
811,2019.385342789598,0.02631578947368418
812,2022.1828211189913,0.02631578947368418
813,2024.9802994483846,0.02631578947368418
814,2027.7777777777778,0.02631578947368418
815,2030.575256107171,0.02631578947368418
816,2033.3727344365643,0.02631578947368418
817,2036.1702127659576,0.02631578947368418
818,2038.9676910953506,0.02631578947368418
819,2041.7651694247438,0.02631578947368418
820,2044.562647754137,0.02631578947368418
821,2047.3601260835303,0.02631578947368418
822,2050.1576044129233,0.02631578947368418
823,2052.955082742317,0.02631578947368418
824,2055.7525610717103,0.02631578947368418
825,2058.5500394011033,0.02631578947368418
826,2061.3475177304963,0.02631578947368418
827,2064.1449960598898,0.02631578947368418
828,2066.9424743892832,0.02631578947368418
829,2069.7399527186762,0.02631578947368418
830,2072.5374310480693,0.02631578947368418
831,2075.3349093774623,0.02631578947368418
832,2078.1323877068558,0.02631578947368418
833,2078.1323877068558,0.03289473684210531
834,2080.929866036249,0.03289473684210531
835,2083.7273443656422,0.03289473684210531
836,2086.5248226950353,0.03289473684210531
837,2089.3223010244287,0.03289473684210531
838,2092.119779353822,0.03289473684210531
839,2094.917257683215,0.03289473684210531
840,2097.7147360126082,0.03289473684210531
841,2100.5122143420012,0.03289473684210531
842,2103.3096926713947,0.03289473684210531
843,2106.107171000788,0.03289473684210531
844,2108.904649330181,0.03289473684210531
845,2111.702127659574,0.03289473684210531
846,2114.4996059889677,0.03289473684210531
847,2117.297084318361,0.03289473684210531
848,2120.094562647754,0.03289473684210531
849,2122.892040977147,0.03289473684210531
850,2125.6895193065407,0.03289473684210531
851,2128.486997635934,0.03289473684210531
852,2131.284475965327,0.03289473684210531
853,2134.08195429472,0.03289473684210531
854,2136.879432624113,0.03289473684210531
855,2139.6769109535066,0.03289473684210531
856,2142.4743892829,0.03289473684210531
857,2145.271867612293,0.03289473684210531
858,2145.271867612293,0.03947368421052633
859,2148.069345941686,0.03947368421052633
860,2150.8668242710796,0.03947368421052633
861,2153.664302600473,0.03947368421052633
862,2156.461780929866,0.03947368421052633
863,2159.259259259259,0.03947368421052633
864,2162.0567375886526,0.03947368421052633
865,2164.8542159180456,0.03947368421052633
866,2167.651694247439,0.03947368421052633
867,2170.449172576832,0.03947368421052633
868,2173.246650906225,0.03947368421052633
869,2176.0441292356186,0.03947368421052633
870,2178.841607565012,0.03947368421052633
871,2181.639085894405,0.03947368421052633
872,2184.436564223798,0.03947368421052633
873,2187.2340425531916,0.03947368421052633
874,2190.031520882585,0.03947368421052633
875,2192.828999211978,0.03947368421052633
876,2195.626477541371,0.03947368421052633
877,2198.423955870764,0.03947368421052633
878,2201.2214342001575,0.03947368421052633
879,2204.018912529551,0.03947368421052633
880,2206.816390858944,0.03947368421052633
881,2209.613869188337,0.03947368421052633
882,2212.4113475177305,0.03947368421052633
883,2215.208825847124,0.03947368421052633
884,2215.208825847124,0.046052631578947345
885,2218.006304176517,0.046052631578947345
886,2220.80378250591,0.046052631578947345
887,2223.6012608353035,0.046052631578947345
888,2226.3987391646965,0.046052631578947345
889,2229.19621749409,0.046052631578947345
890,2231.993695823483,0.046052631578947345
891,2234.791174152876,0.046052631578947345
892,2237.5886524822695,0.046052631578947345
893,2240.386130811663,0.046052631578947345
894,2243.183609141056,0.046052631578947345
895,2245.981087470449,0.046052631578947345
896,2248.7785657998425,0.046052631578947345
897,2251.576044129236,0.046052631578947345
898,2254.373522458629,0.046052631578947345
899,2257.171000788022,0.046052631578947345
900,2259.968479117415,0.046052631578947345
901,2262.7659574468084,0.046052631578947345
902,2265.563435776202,0.046052631578947345
903,2268.360914105595,0.046052631578947345
904,2271.158392434988,0.046052631578947345
905,2273.9558707643814,0.046052631578947345
906,2276.753349093775,0.046052631578947345
907,2279.550827423168,0.046052631578947345
908,2282.348305752561,0.046052631578947345
909,2285.1457840819544,0.046052631578947345
910,2287.9432624113474,0.046052631578947345
911,2290.740740740741,0.046052631578947345
912,2293.538219070134,0.046052631578947345
913,2296.335697399527,0.046052631578947345
914,2299.1331757289204,0.046052631578947345
915,2301.930654058314,0.046052631578947345
916,2304.728132387707,0.046052631578947345
917,2307.5256107171,0.046052631578947345
918,2310.3230890464934,0.046052631578947345
919,2313.120567375887,0.046052631578947345
920,2315.91804570528,0.046052631578947345
921,2318.715524034673,0.046052631578947345
922,2321.513002364066,0.046052631578947345
923,2324.3104806934593,0.046052631578947345
924,2327.107959022853,0.046052631578947345
925,2329.905437352246,0.046052631578947345
926,2332.702915681639,0.046052631578947345
927,2335.5003940110323,0.046052631578947345
928,2338.297872340426,0.046052631578947345
929,2341.095350669819,0.046052631578947345
930,2343.892828999212,0.046052631578947345
931,2343.892828999212,0.052631578947368474
932,2346.6903073286053,0.052631578947368474
933,2349.4877856579988,0.052631578947368474
934,2352.2852639873918,0.052631578947368474
935,2355.082742316785,0.052631578947368474
936,2357.880220646178,0.052631578947368474
937,2360.6776989755713,0.052631578947368474
938,2363.4751773049647,0.052631578947368474
939,2366.2726556343578,0.052631578947368474
940,2369.070133963751,0.052631578947368474
941,2371.8676122931442,0.052631578947368474
942,2374.6650906225377,0.052631578947368474
943,2377.4625689519307,0.052631578947368474
944,2380.2600472813238,0.052631578947368474
945,2383.0575256107168,0.052631578947368474
946,2385.8550039401102,0.052631578947368474
947,2388.6524822695037,0.052631578947368474
948,2391.4499605988967,0.052631578947368474
949,2394.2474389282897,0.052631578947368474
950,2397.044917257683,0.052631578947368474
951,2399.8423955870767,0.052631578947368474
952,2402.6398739164697,0.052631578947368474
953,2405.4373522458627,0.052631578947368474
954,2408.234830575256,0.052631578947368474
955,2411.0323089046497,0.052631578947368474
956,2413.8297872340427,0.052631578947368474
957,2416.6272655634357,0.052631578947368474
958,2419.4247438928287,0.052631578947368474
959,2422.222222222222,0.052631578947368474
960,2425.0197005516156,0.052631578947368474
961,2427.8171788810087,0.052631578947368474
962,2430.6146572104017,0.052631578947368474
963,2433.412135539795,0.052631578947368474
964,2436.2096138691886,0.052631578947368474
965,2439.0070921985816,0.052631578947368474
966,2441.8045705279746,0.052631578947368474
967,2444.602048857368,0.052631578947368474
968,2447.399527186761,0.052631578947368474
969,2450.1970055161546,0.052631578947368474
970,2452.9944838455476,0.052631578947368474
971,2455.7919621749406,0.052631578947368474
972,2458.589440504334,0.052631578947368474
973,2461.3869188337276,0.052631578947368474
974,2461.3869188337276,0.05921052631578949
975,2464.1843971631206,0.05921052631578949
976,2464.1843971631206,0.052631578947368474
977,2466.9818754925136,0.05921052631578949
978,2469.779353821907,0.052631578947368474
979,2469.779353821907,0.05921052631578949
980,2472.5768321513006,0.05921052631578949
981,2475.3743104806936,0.05921052631578949
982,2478.1717888100866,0.05921052631578949
983,2480.9692671394796,0.05921052631578949
984,2483.766745468873,0.05921052631578949
985,2486.5642237982665,0.05921052631578949
986,2489.3617021276596,0.05921052631578949
987,2492.1591804570526,0.05921052631578949
988,2494.956658786446,0.05921052631578949
989,2497.7541371158395,0.05921052631578949
990,2500.5516154452325,0.05921052631578949
991,2503.3490937746255,0.05921052631578949
992,2506.146572104019,0.05921052631578949
993,2508.944050433412,0.05921052631578949
994,2511.7415287628055,0.05921052631578949
995,2514.5390070921985,0.05921052631578949
996,2517.3364854215915,0.05921052631578949
997,2520.133963750985,0.05921052631578949
998,2522.9314420803785,0.05921052631578949
999,2525.7289204097715,0.05921052631578949
1000,2528.5263987391645,0.05921052631578949
1001,2531.323877068558,0.05921052631578949
1002,2534.1213553979514,0.05921052631578949
1003,2536.9188337273445,0.05921052631578949
1004,2539.7163120567375,0.05921052631578949
1005,2542.5137903861305,0.05921052631578949
1006,2545.311268715524,0.05921052631578949
1007,2548.1087470449174,0.05921052631578949
1008,2550.9062253743105,0.05921052631578949
1009,2553.7037037037035,0.05921052631578949
1010,2556.501182033097,0.05921052631578949
1011,2559.2986603624904,0.05921052631578949
1012,2562.0961386918834,0.05921052631578949
1013,2564.8936170212764,0.05921052631578949
1014,2567.69109535067,0.05921052631578949
1015,2570.4885736800634,0.05921052631578949
1016,2573.2860520094564,0.05921052631578949
1017,2576.0835303388494,0.05921052631578949
1018,2578.8810086682424,0.05921052631578949
1019,2581.678486997636,0.05921052631578949
1020,2584.4759653270294,0.05921052631578949
1021,2587.2734436564224,0.05921052631578949
1022,2587.2734436564224,0.06578947368421051
1023,2590.0709219858154,0.06578947368421051
1024,2592.868400315209,0.06578947368421051
1025,2595.6658786446023,0.06578947368421051
1026,2598.4633569739954,0.06578947368421051
1027,2601.2608353033884,0.06578947368421051
1028,2604.0583136327814,0.06578947368421051
1029,2606.855791962175,0.06578947368421051
1030,2609.6532702915683,0.06578947368421051
1031,2612.4507486209613,0.06578947368421051
1032,2615.2482269503544,0.06578947368421051
1033,2618.045705279748,0.06578947368421051
1034,2620.8431836091413,0.06578947368421051
1035,2623.6406619385343,0.06578947368421051
1036,2626.4381402679273,0.06578947368421051
1037,2629.235618597321,0.06578947368421051
1038,2632.0330969267143,0.06578947368421051
1039,2634.8305752561073,0.06578947368421051
1040,2637.6280535855003,0.06578947368421051
1041,2640.4255319148933,0.06578947368421051
1042,2643.223010244287,0.06578947368421051
1043,2646.0204885736803,0.07236842105263153
1044,2646.0204885736803,0.06578947368421051
1045,2648.8179669030733,0.07236842105263153
1046,2651.6154452324663,0.07236842105263153
1047,2654.4129235618598,0.07236842105263153
1048,2657.2104018912532,0.07236842105263153
1049,2660.0078802206463,0.07236842105263153
1050,2662.8053585500393,0.07236842105263153
1051,2665.6028368794323,0.07236842105263153
1052,2668.4003152088258,0.07236842105263153
1053,2671.1977935382192,0.07236842105263153
1054,2673.9952718676122,0.07236842105263153
1055,2673.9952718676122,0.06578947368421051
1056,2676.7927501970053,0.06578947368421051
1057,2679.5902285263987,0.06578947368421051
1058,2682.387706855792,0.06578947368421051
1059,2685.185185185185,0.06578947368421051
1060,2687.9826635145782,0.06578947368421051
1061,2690.7801418439717,0.06578947368421051
1062,2693.577620173365,0.06578947368421051
1063,2696.375098502758,0.06578947368421051
1064,2699.172576832151,0.06578947368421051
1065,2701.970055161544,0.06578947368421051
1066,2704.7675334909377,0.07236842105263153
1067,2704.7675334909377,0.06578947368421051
1068,2707.565011820331,0.07236842105263153
1069,2710.362490149724,0.07236842105263153
1070,2713.159968479117,0.07236842105263153
1071,2715.9574468085107,0.07236842105263153
1072,2718.754925137904,0.07236842105263153
1073,2721.552403467297,0.07236842105263153
1074,2724.34988179669,0.07236842105263153
1075,2727.1473601260836,0.07236842105263153
1076,2729.9448384554767,0.07236842105263153
1077,2732.74231678487,0.06578947368421051
1078,2732.74231678487,0.07236842105263153
1079,2735.539795114263,0.06578947368421051
1080,2738.337273443656,0.06578947368421051
1081,2741.1347517730496,0.06578947368421051
1082,2743.932230102443,0.06578947368421051
1083,2746.729708431836,0.06578947368421051
1084,2749.527186761229,0.06578947368421051
1085,2752.3246650906226,0.06578947368421051
1086,2755.122143420016,0.07236842105263153
1087,2755.122143420016,0.06578947368421051
1088,2757.919621749409,0.07236842105263153
1089,2760.717100078802,0.07236842105263153
1090,2763.514578408195,0.07236842105263153
1091,2766.3120567375886,0.07236842105263153
1092,2769.109535066982,0.07236842105263153
1093,2769.109535066982,0.07894736842105265
1094,2771.907013396375,0.07894736842105265
1095,2774.704491725768,0.07894736842105265
1096,2777.5019700551616,0.07894736842105265
1097,2780.299448384555,0.07894736842105265
1098,2780.299448384555,0.08552631578947367
1099,2783.096926713948,0.08552631578947367
1100,2785.894405043341,0.08552631578947367
1101,2785.894405043341,0.09210526315789469
1102,2788.6918833727345,0.09210526315789469
1103,2791.4893617021276,0.09210526315789469
1104,2794.286840031521,0.09868421052631582
1105,2794.286840031521,0.09210526315789469
1106,2797.084318360914,0.09868421052631582
1107,2799.881796690307,0.10526315789473684
1108,2799.881796690307,0.09868421052631582
1109,2802.6792750197005,0.10526315789473684
1110,2805.476753349094,0.10526315789473684
1111,2805.476753349094,0.11184210526315785
1112,2808.274231678487,0.11184210526315785
1113,2811.07171000788,0.11184210526315785
1114,2811.07171000788,0.11842105263157898
1115,2813.8691883372735,0.11842105263157898
1116,2816.666666666667,0.11842105263157898
1117,2816.666666666667,0.125
1118,2819.46414499606,0.13157894736842102
1119,2819.46414499606,0.125
1120,2822.261623325453,0.13157894736842102
1121,2822.261623325453,0.13815789473684215
1122,2822.261623325453,0.14473684210526316
1123,2825.059101654846,0.14473684210526316
1124,2825.059101654846,0.1578947368421053
1125,2825.059101654846,0.15131578947368418
1126,2827.8565799842395,0.1907894736842105
1127,2827.8565799842395,0.1578947368421053
1128,2827.8565799842395,0.17763157894736847
1129,2827.8565799842395,0.1842105263157895
1130,2827.8565799842395,0.16447368421052633
1131,2827.8565799842395,0.17105263157894735
1132,2830.654058313633,0.19736842105263153
1133,2830.654058313633,0.20394736842105265
1134,2830.654058313633,0.21052631578947367
1135,2830.654058313633,0.2171052631578947
1136,2830.654058313633,0.1907894736842105
1137,2833.451536643026,0.22368421052631582
1138,2833.451536643026,0.23684210526315785
1139,2833.451536643026,0.2171052631578947
1140,2833.451536643026,0.256578947368421
1141,2833.451536643026,0.23026315789473684
1142,2833.451536643026,0.25
1143,2833.451536643026,0.24342105263157898
1144,2836.249014972419,0.256578947368421
1145,2836.249014972419,0.3355263157894737
1146,2836.249014972419,0.2894736842105263
1147,2836.249014972419,0.3092105263157895
1148,2836.249014972419,0.2763157894736842
1149,2836.249014972419,0.3421052631578947
1150,2836.249014972419,0.32894736842105265
1151,2836.249014972419,0.3223684210526315
1152,2836.249014972419,0.26973684210526316
1153,2836.249014972419,0.3026315789473685
1154,2836.249014972419,0.29605263157894735
1155,2836.249014972419,0.26315789473684215
1156,2836.249014972419,0.3157894736842105
1157,2836.249014972419,0.3486842105263158
1158,2836.249014972419,0.2828947368421053
1159,2839.0464933018125,0.38815789473684215
1160,2839.0464933018125,0.375
1161,2839.0464933018125,0.368421052631579
1162,2839.0464933018125,0.4013157894736842
1163,2839.0464933018125,0.36184210526315785
1164,2839.0464933018125,0.381578947368421
1165,2839.0464933018125,0.35526315789473684
1166,2839.0464933018125,0.39473684210526316
1167,2839.0464933018125,0.3486842105263158
1168,2841.843971631206,0.48026315789473684
1169,2841.843971631206,0.4276315789473685
1170,2841.843971631206,0.493421052631579
1171,2841.843971631206,0.4605263157894737
1172,2841.843971631206,0.4473684210526315
1173,2841.843971631206,0.4342105263157895
1174,2841.843971631206,0.4407894736842105
1175,2841.843971631206,0.4144736842105263
1176,2841.843971631206,0.42105263157894735
1177,2841.843971631206,0.45394736842105265
1178,2841.843971631206,0.48684210526315785
1179,2841.843971631206,0.4078947368421053
1180,2841.843971631206,0.4013157894736842
1181,2841.843971631206,0.4736842105263158
1182,2841.843971631206,0.4671052631578947
1183,2844.641449960599,0.513157894736842
1184,2844.641449960599,0.5197368421052632
1185,2844.641449960599,0.5
1186,2844.641449960599,0.493421052631579
1187,2844.641449960599,0.506578947368421
1188,2847.438928289992,0.5197368421052632
1189,2847.438928289992,0.5263157894736843
1190,2850.2364066193854,0.5197368421052632
1191,2850.2364066193854,0.513157894736842
1192,2853.033884948779,0.5
1193,2853.033884948779,0.493421052631579
1194,2853.033884948779,0.513157894736842
1195,2853.033884948779,0.506578947368421
1196,2855.831363278172,0.48026315789473684
1197,2855.831363278172,0.493421052631579
1198,2855.831363278172,0.48684210526315785
1199,2858.628841607565,0.4736842105263158
1200,2858.628841607565,0.48026315789473684
1201,2858.628841607565,0.4605263157894737
1202,2858.628841607565,0.4671052631578947
1203,2861.426319936958,0.4605263157894737
1204,2861.426319936958,0.45394736842105265
1205,2861.426319936958,0.4473684210526315
1206,2864.2237982663514,0.4407894736842105
1207,2864.2237982663514,0.4473684210526315
1208,2864.2237982663514,0.4276315789473685
1209,2864.2237982663514,0.4342105263157895
1210,2867.021276595745,0.42105263157894735
1211,2867.021276595745,0.4276315789473685
1212,2867.021276595745,0.4013157894736842
1213,2867.021276595745,0.4144736842105263
1214,2867.021276595745,0.4078947368421053
1215,2867.021276595745,0.39473684210526316
1216,2869.818754925138,0.39473684210526316
1217,2869.818754925138,0.381578947368421
1218,2869.818754925138,0.38815789473684215
1219,2872.616233254531,0.375
1220,2872.616233254531,0.381578947368421
1221,2875.4137115839244,0.375
1222,2878.211189913318,0.381578947368421
1223,2878.211189913318,0.38815789473684215
1224,2878.211189913318,0.39473684210526316
1225,2878.211189913318,0.375
1226,2881.008668242711,0.4013157894736842
1227,2881.008668242711,0.39473684210526316
1228,2881.008668242711,0.4078947368421053
1229,2883.806146572104,0.4407894736842105
1230,2883.806146572104,0.4342105263157895
1231,2883.806146572104,0.4078947368421053
1232,2883.806146572104,0.4144736842105263
1233,2883.806146572104,0.42105263157894735
1234,2883.806146572104,0.4473684210526315
1235,2883.806146572104,0.4276315789473685
1236,2886.603624901497,0.4473684210526315
1237,2886.603624901497,0.45394736842105265
1238,2886.603624901497,0.4605263157894737
1239,2886.603624901497,0.4671052631578947
1240,2886.603624901497,0.4736842105263158
1241,2889.4011032308904,0.48026315789473684
1242,2889.4011032308904,0.48684210526315785
1243,2889.4011032308904,0.4736842105263158
1244,2889.4011032308904,0.493421052631579
1245,2892.198581560284,0.513157894736842
1246,2892.198581560284,0.5
1247,2892.198581560284,0.506578947368421
1248,2892.198581560284,0.493421052631579
1249,2892.198581560284,0.5460526315789473
1250,2892.198581560284,0.5394736842105263
1251,2892.198581560284,0.5197368421052632
1252,2892.198581560284,0.5263157894736843
1253,2892.198581560284,0.5328947368421053
1254,2894.996059889677,0.5723684210526316
1255,2894.996059889677,0.5657894736842105
1256,2894.996059889677,0.5460526315789473
1257,2894.996059889677,0.5592105263157895
1258,2894.996059889677,0.5526315789473684
1259,2897.79353821907,0.5789473684210527
1260,2897.79353821907,0.625
1261,2897.79353821907,0.5986842105263157
1262,2897.79353821907,0.6052631578947368
1263,2897.79353821907,0.611842105263158
1264,2897.79353821907,0.618421052631579
1265,2897.79353821907,0.5723684210526316
1266,2897.79353821907,0.5855263157894737
1267,2897.79353821907,0.5921052631578947
1268,2897.79353821907,0.6447368421052632
1269,2897.79353821907,0.638157894736842
1270,2897.79353821907,0.631578947368421
1271,2900.5910165484634,0.6578947368421053
1272,2900.5910165484634,0.6513157894736843
1273,2900.5910165484634,0.6644736842105263
1274,2900.5910165484634,0.6447368421052632
1275,2900.5910165484634,0.6710526315789473
1276,2900.5910165484634,0.6776315789473684
1277,2903.388494877857,0.6842105263157895
1278,2903.388494877857,0.7697368421052632
1279,2903.388494877857,0.6776315789473684
1280,2903.388494877857,0.756578947368421
1281,2903.388494877857,0.75
1282,2903.388494877857,0.7631578947368421
1283,2903.388494877857,0.743421052631579
1284,2903.388494877857,0.736842105263158
1285,2903.388494877857,0.6973684210526316
1286,2903.388494877857,0.7236842105263157
1287,2903.388494877857,0.7302631578947368
1288,2903.388494877857,0.7105263157894737
1289,2903.388494877857,0.7039473684210527
1290,2903.388494877857,0.7171052631578947
1291,2903.388494877857,0.6907894736842105
1292,2906.18597320725,0.7697368421052632
1293,2906.18597320725,0.7763157894736842
1294,2906.18597320725,0.7828947368421053
1295,2906.18597320725,0.7894736842105263
1296,2906.18597320725,0.7960526315789473
1297,2906.18597320725,0.8026315789473684
1298,2906.18597320725,0.8092105263157895
1299,2906.18597320725,0.8157894736842105
1300,2908.983451536643,0.8289473684210527
1301,2908.983451536643,0.9144736842105263
1302,2908.983451536643,0.8223684210526316
1303,2908.983451536643,0.8157894736842105
1304,2908.983451536643,0.8421052631578947
1305,2908.983451536643,0.8486842105263158
1306,2908.983451536643,0.8552631578947368
1307,2908.983451536643,0.8618421052631579
1308,2908.983451536643,0.868421052631579
1309,2908.983451536643,0.875
1310,2908.983451536643,0.8355263157894737
1311,2908.983451536643,0.881578947368421
1312,2908.983451536643,0.8881578947368421
1313,2908.983451536643,0.8947368421052632
1314,2908.983451536643,0.9210526315789473
1315,2908.983451536643,0.9013157894736842
1316,2908.983451536643,0.9078947368421053
1317,2911.7809298660363,0.9407894736842105
1318,2911.7809298660363,0.9210526315789473
1319,2911.7809298660363,0.9276315789473684
1320,2911.7809298660363,0.9342105263157895
1321,2911.7809298660363,0.9473684210526316
1322,2911.7809298660363,0.9539473684210527
1323,2911.7809298660363,0.9605263157894737
1324,2911.7809298660363,0.9671052631578947
1325,2914.57840819543,0.9671052631578947
1326,2914.57840819543,0.9736842105263158
1327,2914.57840819543,0.9802631578947368
1328,2914.57840819543,0.9868421052631579
1329,2914.57840819543,1.0
1330,2914.57840819543,0.993421052631579
1331,2920.173364854216,1.0
1332,2920.173364854216,0.993421052631579
1333,2920.173364854216,0.9868421052631579
1334,2922.970843183609,0.9210526315789473
1335,2922.970843183609,0.9144736842105263
1336,2922.970843183609,0.9276315789473684
1337,2922.970843183609,0.9407894736842105
1338,2922.970843183609,0.9473684210526316
1339,2922.970843183609,0.9539473684210527
1340,2922.970843183609,0.9342105263157895
1341,2922.970843183609,0.9671052631578947
1342,2922.970843183609,0.9736842105263158
1343,2922.970843183609,0.9802631578947368
1344,2922.970843183609,0.9868421052631579
1345,2922.970843183609,0.9605263157894737
1346,2925.7683215130023,0.9144736842105263
1347,2925.7683215130023,0.9078947368421053
1348,2925.7683215130023,0.9013157894736842
1349,2925.7683215130023,0.8947368421052632
1350,2925.7683215130023,0.8881578947368421
1351,2925.7683215130023,0.881578947368421
1352,2925.7683215130023,0.875
1353,2928.565799842396,0.8092105263157895
1354,2928.565799842396,0.8157894736842105
1355,2928.565799842396,0.8026315789473684
1356,2928.565799842396,0.8223684210526316
1357,2928.565799842396,0.7960526315789473
1358,2928.565799842396,0.8289473684210527
1359,2928.565799842396,0.8355263157894737
1360,2928.565799842396,0.8486842105263158
1361,2928.565799842396,0.8552631578947368
1362,2928.565799842396,0.8618421052631579
1363,2928.565799842396,0.868421052631579
1364,2928.565799842396,0.8421052631578947
1365,2928.565799842396,0.875
1366,2931.363278171789,0.756578947368421
1367,2931.363278171789,0.7697368421052632
1368,2931.363278171789,0.7763157894736842
1369,2931.363278171789,0.7631578947368421
1370,2931.363278171789,0.7894736842105263
1371,2931.363278171789,0.7960526315789473
1372,2931.363278171789,0.7828947368421053
1373,2934.160756501182,0.756578947368421
1374,2934.160756501182,0.75
1375,2934.160756501182,0.743421052631579
1376,2934.160756501182,0.736842105263158
1377,2934.160756501182,0.7302631578947368
1378,2934.160756501182,0.7236842105263157
1379,2934.160756501182,0.7171052631578947
1380,2934.160756501182,0.7105263157894737
1381,2934.160756501182,0.7039473684210527
1382,2936.9582348305753,0.6973684210526316
1383,2936.9582348305753,0.6842105263157895
1384,2936.9582348305753,0.7039473684210527
1385,2936.9582348305753,0.6907894736842105
1386,2939.7557131599688,0.631578947368421
1387,2939.7557131599688,0.6644736842105263
1388,2939.7557131599688,0.638157894736842
1389,2939.7557131599688,0.6710526315789473
1390,2939.7557131599688,0.6513157894736843
1391,2939.7557131599688,0.6578947368421053
1392,2939.7557131599688,0.6842105263157895
1393,2939.7557131599688,0.6447368421052632
1394,2939.7557131599688,0.6776315789473684
1395,2942.553191489362,0.631578947368421
1396,2942.553191489362,0.618421052631579
1397,2942.553191489362,0.611842105263158
1398,2942.553191489362,0.6052631578947368
1399,2942.553191489362,0.5986842105263157
1400,2942.553191489362,0.625
1401,2945.350669818755,0.5986842105263157
1402,2945.350669818755,0.5921052631578947
1403,2945.350669818755,0.5855263157894737
1404,2945.350669818755,0.5789473684210527
1405,2945.350669818755,0.5723684210526316
1406,2945.350669818755,0.5657894736842105
1407,2948.148148148148,0.506578947368421
1408,2948.148148148148,0.513157894736842
1409,2948.148148148148,0.5
1410,2948.148148148148,0.48684210526315785
1411,2948.148148148148,0.5197368421052632
1412,2948.148148148148,0.5263157894736843
1413,2948.148148148148,0.5328947368421053
1414,2948.148148148148,0.493421052631579
1415,2948.148148148148,0.5394736842105263
1416,2948.148148148148,0.5460526315789473
1417,2948.148148148148,0.5526315789473684
1418,2948.148148148148,0.5592105263157895
1419,2948.148148148148,0.5657894736842105
1420,2950.9456264775413,0.4605263157894737
1421,2950.9456264775413,0.48026315789473684
1422,2950.9456264775413,0.4736842105263158
1423,2950.9456264775413,0.48684210526315785
1424,2950.9456264775413,0.45394736842105265
1425,2950.9456264775413,0.4671052631578947
1426,2953.7431048069348,0.4144736842105263
1427,2953.7431048069348,0.381578947368421
1428,2953.7431048069348,0.38815789473684215
1429,2953.7431048069348,0.4078947368421053
1430,2953.7431048069348,0.45394736842105265
1431,2953.7431048069348,0.4013157894736842
1432,2953.7431048069348,0.39473684210526316
1433,2953.7431048069348,0.4407894736842105
1434,2953.7431048069348,0.4342105263157895
1435,2953.7431048069348,0.4276315789473685
1436,2953.7431048069348,0.42105263157894735
1437,2953.7431048069348,0.4473684210526315
1438,2956.5405831363278,0.375
1439,2956.5405831363278,0.368421052631579
1440,2956.5405831363278,0.36184210526315785
1441,2956.5405831363278,0.35526315789473684
1442,2956.5405831363278,0.381578947368421
1443,2959.338061465721,0.2894736842105263
1444,2959.338061465721,0.35526315789473684
1445,2959.338061465721,0.3486842105263158
1446,2959.338061465721,0.3421052631578947
1447,2959.338061465721,0.3355263157894737
1448,2959.338061465721,0.32894736842105265
1449,2959.338061465721,0.3223684210526315
1450,2959.338061465721,0.3157894736842105
1451,2959.338061465721,0.3092105263157895
1452,2959.338061465721,0.3026315789473685
1453,2959.338061465721,0.29605263157894735
1454,2962.1355397951143,0.26973684210526316
1455,2962.1355397951143,0.26315789473684215
1456,2962.1355397951143,0.2894736842105263
1457,2962.1355397951143,0.2763157894736842
1458,2962.1355397951143,0.2828947368421053
1459,2964.9330181245077,0.26315789473684215
1460,2964.9330181245077,0.256578947368421
1461,2964.9330181245077,0.2171052631578947
1462,2964.9330181245077,0.25
1463,2964.9330181245077,0.24342105263157898
1464,2964.9330181245077,0.23684210526315785
1465,2964.9330181245077,0.23026315789473684
1466,2964.9330181245077,0.22368421052631582
1467,2967.7304964539007,0.20394736842105265
1468,2967.7304964539007,0.19736842105263153
1469,2967.7304964539007,0.2171052631578947
1470,2967.7304964539007,0.1907894736842105
1471,2967.7304964539007,0.21052631578947367
1472,2970.5279747832938,0.17763157894736847
1473,2970.5279747832938,0.1907894736842105
1474,2970.5279747832938,0.17105263157894735
1475,2970.5279747832938,0.16447368421052633
1476,2970.5279747832938,0.1578947368421053
1477,2970.5279747832938,0.1842105263157895
1478,2973.3254531126872,0.14473684210526316
1479,2973.3254531126872,0.1578947368421053
1480,2973.3254531126872,0.15131578947368418
1481,2976.1229314420802,0.13815789473684215
1482,2976.1229314420802,0.14473684210526316
1483,2978.9204097714737,0.125
1484,2978.9204097714737,0.11842105263157898
1485,2978.9204097714737,0.13157894736842102
1486,2978.9204097714737,0.13815789473684215
1487,2981.7178881008667,0.11184210526315785
1488,2981.7178881008667,0.11842105263157898
1489,2984.51536643026,0.09868421052631582
1490,2984.51536643026,0.11184210526315785
1491,2984.51536643026,0.10526315789473684
1492,2987.312844759653,0.09868421052631582
1493,2990.1103230890467,0.09210526315789469
1494,2990.1103230890467,0.09868421052631582
1495,2992.9078014184397,0.09210526315789469
1496,2992.9078014184397,0.08552631578947367
1497,2995.7052797478327,0.08552631578947367
1498,2998.502758077226,0.07894736842105265
1499,2998.502758077226,0.08552631578947367
1500,3001.3002364066197,0.07894736842105265
1501,3004.0977147360127,0.07894736842105265
1502,3006.8951930654057,0.07894736842105265
1503,3009.692671394799,0.07894736842105265
1504,3009.692671394799,0.07236842105263153
1505,3012.490149724192,0.07236842105263153
1506,3015.2876280535856,0.07236842105263153
1507,3018.0851063829787,0.07236842105263153
1508,3020.8825847123717,0.07236842105263153
1509,3023.680063041765,0.07236842105263153
1510,3026.4775413711586,0.07236842105263153
1511,3029.2750197005516,0.07236842105263153
1512,3029.2750197005516,0.06578947368421051
1513,3032.0724980299447,0.06578947368421051
1514,3034.869976359338,0.06578947368421051
1515,3037.667454688731,0.06578947368421051
1516,3040.4649330181246,0.06578947368421051
1517,3043.2624113475176,0.06578947368421051
1518,3046.059889676911,0.06578947368421051
1519,3048.857368006304,0.06578947368421051
1520,3051.6548463356976,0.06578947368421051
1521,3054.4523246650906,0.06578947368421051
1522,3057.2498029944836,0.06578947368421051
1523,3060.047281323877,0.06578947368421051
1524,3062.8447596532706,0.06578947368421051
1525,3065.6422379826636,0.06578947368421051
1526,3068.4397163120566,0.06578947368421051
1527,3071.23719464145,0.06578947368421051
1528,3074.034672970843,0.06578947368421051
1529,3076.8321513002365,0.06578947368421051
1530,3079.6296296296296,0.06578947368421051
1531,3082.4271079590226,0.06578947368421051
1532,3085.224586288416,0.06578947368421051
1533,3088.0220646178095,0.06578947368421051
1534,3090.8195429472025,0.06578947368421051
1535,3093.6170212765956,0.06578947368421051
1536,3096.414499605989,0.06578947368421051
1537,3099.211977935382,0.06578947368421051
1538,3102.0094562647755,0.06578947368421051
1539,3104.8069345941685,0.06578947368421051
1540,3107.604412923562,0.06578947368421051
1541,3110.401891252955,0.06578947368421051
1542,3113.1993695823485,0.06578947368421051
1543,3115.9968479117415,0.06578947368421051
1544,3118.7943262411345,0.06578947368421051
1545,3121.591804570528,0.06578947368421051
1546,3124.3892828999215,0.06578947368421051
1547,3127.1867612293145,0.06578947368421051
1548,3129.9842395587075,0.06578947368421051
1549,3132.781717888101,0.06578947368421051
1550,3135.579196217494,0.06578947368421051
1551,3138.3766745468874,0.06578947368421051
1552,3141.1741528762805,0.06578947368421051
1553,3143.9716312056735,0.06578947368421051
1554,3146.769109535067,0.06578947368421051
1555,3149.5665878644604,0.06578947368421051
1556,3152.3640661938534,0.06578947368421051
1557,3155.1615445232464,0.06578947368421051
1558,3157.95902285264,0.06578947368421051
1559,3160.756501182033,0.06578947368421051
1560,3163.5539795114264,0.06578947368421051
1561,3166.3514578408194,0.06578947368421051
1562,3169.148936170213,0.06578947368421051
1563,3171.946414499606,0.07236842105263153
1564,3171.946414499606,0.06578947368421051
1565,3174.7438928289994,0.07236842105263153
1566,3177.5413711583924,0.07236842105263153
1567,3180.3388494877854,0.07236842105263153
1568,3183.136327817179,0.07236842105263153
1569,3185.9338061465724,0.07236842105263153
1570,3188.7312844759654,0.07236842105263153
1571,3191.5287628053584,0.07236842105263153
1572,3194.326241134752,0.07236842105263153
1573,3197.123719464145,0.07236842105263153
1574,3199.9211977935383,0.07236842105263153
1575,3202.7186761229314,0.07236842105263153
1576,3205.516154452325,0.07236842105263153
1577,3208.313632781718,0.07236842105263153
1578,3211.1111111111113,0.07236842105263153
1579,3213.9085894405043,0.07236842105263153
1580,3216.7060677698973,0.07236842105263153
1581,3219.503546099291,0.07236842105263153
1582,3222.3010244286843,0.07236842105263153
1583,3225.0985027580773,0.07236842105263153
1584,3227.8959810874703,0.07236842105263153
1585,3230.693459416864,0.07236842105263153
1586,3233.490937746257,0.07236842105263153
1587,3236.2884160756503,0.07236842105263153
1588,3239.0858944050433,0.07236842105263153
1589,3241.8833727344363,0.07236842105263153
1590,3244.68085106383,0.07236842105263153
1591,3247.4783293932232,0.07236842105263153
1592,3250.2758077226163,0.07236842105263153
1593,3253.0732860520093,0.07236842105263153
1594,3255.8707643814028,0.07236842105263153
1595,3258.6682427107958,0.07236842105263153
1596,3261.4657210401892,0.07236842105263153
1597,3264.2631993695823,0.07236842105263153
1598,3267.0606776989757,0.07236842105263153
1599,3269.8581560283687,0.07236842105263153
1600,3272.655634357762,0.07236842105263153
1601,3275.453112687155,0.07236842105263153
1602,3278.2505910165482,0.07236842105263153
1603,3281.0480693459417,0.07236842105263153
1604,3283.845547675335,0.07236842105263153
1605,3286.643026004728,0.07236842105263153
1606,3289.440504334121,0.07236842105263153
1607,3292.2379826635147,0.07236842105263153
1608,3295.0354609929077,0.07236842105263153
1609,3297.832939322301,0.07236842105263153
1610,3300.630417651694,0.07236842105263153
1611,3303.427895981087,0.07236842105263153
1612,3306.2253743104807,0.07236842105263153
1613,3309.022852639874,0.07236842105263153
1614,3311.820330969267,0.07236842105263153
1615,3314.61780929866,0.07236842105263153
1616,3317.4152876280536,0.07236842105263153
1617,3320.2127659574467,0.07236842105263153
1618,3323.01024428684,0.07236842105263153
1619,3325.807722616233,0.07236842105263153
1620,3328.6052009456266,0.07236842105263153
1621,3331.4026792750196,0.07236842105263153
1622,3334.200157604413,0.07236842105263153
1623,3336.997635933806,0.07236842105263153
1624,3339.795114263199,0.07236842105263153
1625,3342.5925925925926,0.07236842105263153
1626,3345.390070921986,0.07236842105263153
1627,3348.187549251379,0.07236842105263153
1628,3350.985027580772,0.07236842105263153
1629,3353.7825059101656,0.07236842105263153
1630,3356.5799842395586,0.07236842105263153
1631,3359.377462568952,0.07236842105263153
1632,3362.174940898345,0.07236842105263153
1633,3364.972419227738,0.07236842105263153
1634,3367.7698975571316,0.07236842105263153
1635,3370.567375886525,0.07236842105263153
1636,3373.364854215918,0.07236842105263153
1637,3376.162332545311,0.07236842105263153
1638,3378.9598108747045,0.07236842105263153
1639,3381.7572892040976,0.07236842105263153
1640,3384.554767533491,0.07236842105263153
1641,3387.352245862884,0.06578947368421051
1642,3387.352245862884,0.07236842105263153
1643,3390.1497241922775,0.06578947368421051
1644,3392.9472025216705,0.06578947368421051
1645,3395.744680851064,0.06578947368421051
1646,3398.542159180457,0.06578947368421051
1647,3401.33963750985,0.06578947368421051
1648,3404.1371158392435,0.06578947368421051
1649,3406.934594168637,0.06578947368421051
1650,3409.73207249803,0.06578947368421051
1651,3412.529550827423,0.06578947368421051
1652,3415.3270291568165,0.06578947368421051
1653,3418.1245074862095,0.06578947368421051
1654,3420.921985815603,0.06578947368421051
1655,3423.719464144996,0.06578947368421051
1656,3426.5169424743895,0.06578947368421051
1657,3429.3144208037825,0.06578947368421051
1658,3432.111899133176,0.06578947368421051
1659,3434.909377462569,0.06578947368421051
1660,3437.706855791962,0.06578947368421051
1661,3440.5043341213554,0.06578947368421051
1662,3443.3018124507485,0.05921052631578949
1663,3443.3018124507485,0.06578947368421051
1664,3446.099290780142,0.05921052631578949
1665,3448.896769109535,0.05921052631578949
1666,3451.6942474389284,0.05921052631578949
1667,3454.4917257683214,0.05921052631578949
1668,3457.289204097715,0.05921052631578949
1669,3460.086682427108,0.05921052631578949
1670,3462.884160756501,0.05921052631578949
1671,3465.6816390858944,0.05921052631578949
1672,3468.479117415288,0.05921052631578949
1673,3471.276595744681,0.05921052631578949
1674,3474.074074074074,0.05921052631578949
1675,3476.8715524034674,0.05921052631578949
1676,3479.6690307328604,0.05921052631578949
1677,3479.6690307328604,0.052631578947368474
1678,3482.466509062254,0.052631578947368474
1679,3485.263987391647,0.052631578947368474
1680,3488.0614657210403,0.052631578947368474
1681,3490.8589440504334,0.052631578947368474
1682,3493.656422379827,0.052631578947368474
1683,3496.45390070922,0.052631578947368474
1684,3499.251379038613,0.052631578947368474
1685,3502.0488573680063,0.052631578947368474
1686,3504.8463356973994,0.052631578947368474
1687,3507.643814026793,0.052631578947368474
1688,3510.441292356186,0.052631578947368474
1689,3513.2387706855793,0.046052631578947345
1690,3513.2387706855793,0.052631578947368474
1691,3516.0362490149723,0.046052631578947345
1692,3518.833727344366,0.046052631578947345
1693,3521.631205673759,0.046052631578947345
1694,3524.4286840031523,0.046052631578947345
1695,3527.2261623325453,0.046052631578947345
1696,3530.0236406619388,0.046052631578947345
1697,3532.821118991332,0.046052631578947345
1698,3535.618597320725,0.046052631578947345
1699,3538.4160756501183,0.046052631578947345
1700,3541.2135539795113,0.046052631578947345
1701,3544.0110323089048,0.046052631578947345
1702,3544.0110323089048,0.03947368421052633
1703,3546.808510638298,0.03947368421052633
1704,3549.6059889676912,0.03947368421052633
1705,3552.4034672970843,0.03947368421052633
1706,3555.2009456264777,0.03947368421052633
1707,3557.9984239558707,0.03947368421052633
1708,3560.7959022852638,0.03947368421052633
1709,3563.5933806146572,0.03947368421052633
1710,3566.3908589440503,0.03947368421052633
1711,3569.1883372734437,0.03947368421052633
1712,3571.9858156028367,0.03947368421052633
1713,3574.78329393223,0.03947368421052633
1714,3577.580772261623,0.03947368421052633
1715,3580.3782505910167,0.03289473684210531
1716,3580.3782505910167,0.03947368421052633
1717,3583.1757289204097,0.03289473684210531
1718,3585.973207249803,0.03289473684210531
1719,3588.770685579196,0.03289473684210531
1720,3591.5681639085897,0.03289473684210531
1721,3594.3656422379827,0.03289473684210531
1722,3597.1631205673757,0.03289473684210531
1723,3599.960598896769,0.03289473684210531
1724,3602.758077226162,0.03289473684210531
1725,3605.5555555555557,0.03289473684210531
1726,3608.3530338849487,0.03289473684210531
1727,3611.150512214342,0.03289473684210531
1728,3613.947990543735,0.03289473684210531
1729,3616.7454688731286,0.03289473684210531
1730,3619.5429472025216,0.03289473684210531
1731,3622.3404255319147,0.03289473684210531
1732,3625.137903861308,0.03289473684210531
1733,3625.137903861308,0.02631578947368418
1734,3627.935382190701,0.02631578947368418
1735,3630.7328605200946,0.02631578947368418
1736,3633.5303388494876,0.02631578947368418
1737,3636.327817178881,0.02631578947368418
1738,3639.125295508274,0.02631578947368418
1739,3641.9227738376676,0.02631578947368418
1740,3644.7202521670606,0.02631578947368418
1741,3647.517730496454,0.02631578947368418
1742,3650.315208825847,0.02631578947368418
1743,3653.1126871552406,0.02631578947368418
1744,3655.9101654846336,0.02631578947368418
1745,3658.7076438140266,0.02631578947368418
1746,3661.50512214342,0.02631578947368418
1747,3664.302600472813,0.02631578947368418
1748,3667.1000788022066,0.02631578947368418
1749,3669.8975571315996,0.02631578947368418
1750,3672.695035460993,0.02631578947368418
1751,3675.492513790386,0.02631578947368418
1752,3678.2899921197795,0.02631578947368418
1753,3681.0874704491725,0.02631578947368418
1754,3683.8849487785656,0.02631578947368418
1755,3686.682427107959,0.02631578947368418
1756,3689.4799054373525,0.02631578947368418
1757,3692.2773837667455,0.02631578947368418
1758,3695.0748620961385,0.02631578947368418
1759,3697.872340425532,0.02631578947368418
1760,3700.669818754925,0.02631578947368418
1761,3703.4672970843185,0.02631578947368418
1762,3706.2647754137115,0.02631578947368418
1763,3709.062253743105,0.02631578947368418
1764,3711.859732072498,0.02631578947368418
1765,3714.6572104018915,0.02631578947368418
1766,3717.4546887312845,0.02631578947368418
1767,3720.2521670606775,0.02631578947368418
1768,3723.049645390071,0.02631578947368418
1769,3723.049645390071,0.019736842105263164
1770,3725.847123719464,0.019736842105263164
1771,3728.6446020488575,0.019736842105263164
1772,3731.4420803782505,0.019736842105263164
1773,3734.239558707644,0.019736842105263164
1774,3737.037037037037,0.019736842105263164
1775,3739.8345153664304,0.019736842105263164
1776,3742.6319936958234,0.019736842105263164
1777,3745.429472025217,0.019736842105263164
1778,3748.22695035461,0.019736842105263164
1779,3748.22695035461,0.02631578947368418
1780,3751.024428684003,0.02631578947368418
1781,3753.8219070133964,0.02631578947368418
1782,3756.6193853427894,0.02631578947368418
1783,3759.416863672183,0.02631578947368418
1784,3762.214342001576,0.02631578947368418
1785,3765.0118203309694,0.02631578947368418
1786,3767.8092986603624,0.02631578947368418
1787,3770.606776989756,0.02631578947368418
1788,3773.404255319149,0.02631578947368418
1789,3776.2017336485424,0.02631578947368418
1790,3778.9992119779354,0.02631578947368418
1791,3781.7966903073284,0.02631578947368418
1792,3784.594168636722,0.02631578947368418
1793,3787.391646966115,0.02631578947368418
1794,3790.1891252955083,0.02631578947368418
1795,3790.1891252955083,0.019736842105263164
1796,3792.9866036249014,0.019736842105263164
1797,3795.784081954295,0.019736842105263164
1798,3798.581560283688,0.019736842105263164
1799,3801.3790386130813,0.019736842105263164
1800,3804.1765169424743,0.019736842105263164
1801,3806.973995271868,0.019736842105263164
1802,3809.771473601261,0.019736842105263164
1803,3812.5689519306543,0.019736842105263164
1804,3815.3664302600473,0.019736842105263164
1805,3818.1639085894403,0.019736842105263164
1806,3820.961386918834,0.019736842105263164
1807,3823.758865248227,0.019736842105263164
1808,3826.5563435776203,0.019736842105263164
1809,3829.3538219070133,0.019736842105263164
1810,3832.1513002364068,0.019736842105263164
1811,3834.9487785658,0.019736842105263164
1812,3837.7462568951933,0.019736842105263164
1813,3840.5437352245863,0.019736842105263164
1814,3843.3412135539793,0.019736842105263164
1815,3846.1386918833728,0.019736842105263164
1816,3848.936170212766,0.019736842105263164
1817,3851.7336485421592,0.019736842105263164
1818,3854.5311268715523,0.019736842105263164
1819,3857.3286052009457,0.019736842105263164
1820,3860.1260835303387,0.019736842105263164
1821,3862.923561859732,0.019736842105263164
1822,3865.7210401891252,0.019736842105263164
1823,3868.5185185185187,0.019736842105263164
1824,3871.3159968479117,0.019736842105263164
1825,3874.113475177305,0.019736842105263164
1826,3876.910953506698,0.019736842105263164
1827,3879.708431836091,0.019736842105263164
1828,3882.5059101654847,0.019736842105263164
1829,3885.3033884948777,0.019736842105263164
1830,3888.100866824271,0.019736842105263164
1831,3890.898345153664,0.019736842105263164
1832,3893.6958234830577,0.019736842105263164
1833,3896.4933018124507,0.019736842105263164
1834,3899.290780141844,0.019736842105263164
1835,3902.088258471237,0.019736842105263164
1836,3904.88573680063,0.019736842105263164
1837,3907.6832151300237,0.019736842105263164
1838,3910.4806934594167,0.019736842105263164
1839,3913.27817178881,0.019736842105263164
1840,3916.075650118203,0.019736842105263164
1841,3918.8731284475966,0.019736842105263164
1842,3921.6706067769896,0.019736842105263164
1843,3924.468085106383,0.019736842105263164
1844,3927.265563435776,0.019736842105263164
1845,3930.0630417651696,0.019736842105263164
1846,3932.8605200945626,0.019736842105263164
1847,3935.657998423956,0.019736842105263164
1848,3938.455476753349,0.019736842105263164
1849,3941.252955082742,0.019736842105263164
1850,3944.0504334121356,0.019736842105263164
1851,3946.8479117415286,0.019736842105263164
1852,3949.645390070922,0.019736842105263164
1853,3952.442868400315,0.019736842105263164
1854,3955.2403467297086,0.019736842105263164
1855,3958.0378250591016,0.019736842105263164
1856,3960.835303388495,0.019736842105263164
1857,3963.632781717888,0.019736842105263164
1858,3966.4302600472815,0.019736842105263164
1859,3969.2277383766746,0.019736842105263164
1860,3972.0252167060676,0.019736842105263164
1861,3974.822695035461,0.019736842105263164
1862,3977.620173364854,0.019736842105263164
1863,3980.4176516942475,0.019736842105263164
1864,3983.2151300236405,0.019736842105263164
1865,3986.012608353034,0.019736842105263164
1866,3988.810086682427,0.019736842105263164
1867,3991.6075650118205,0.019736842105263164
